20230112,2957
